0: [43, 74, 32]
1: [12, 13, 60, 6, 98, 37, 56, 36, 51, 46]
2: [20, 33, 58, 52, 78, 85]
3: [70, 86, 49, 72, 13, 27, 85, 90]
4: [44, 9, 51, 85]
5: [10, 6, 51, 15]
6: [45, 85, 0, 88, 80]
7: [41, 61, 71, 23, 21, 37, 19, 88]
8: [73, 94, 53, 99, 69, 40]
9: [61, 62, 83, 19, 96, 0, 89]
10: [80, 54, 74, 69, 65]
11: [35, 26, 93, 96, 62, 91]
12: [88, 31, 89, 23]
13: [48, 7, 29, 93, 49, 96]
14: [71, 29, 91, 15, 19, 31]
15: [66]
16: [50, 20, 82, 96, 38, 17, 87, 4]
17: [51, 63, 35, 3, 32]
18: [71, 9, 25]
19: [67, 52, 11, 47, 44]
20: [43, 41, 8, 47, 76, 99]
21: [98, 74]
22: [89, 2, 86, 83, 75]
23: [65]
24: [25]
25: [35, 55, 19, 7]
26: [28, 33, 44, 38, 53, 34]
27: [76, 10, 75, 9, 50, 61]
28: [25, 57, 10, 48, 29, 37, 19]
29: [92]
30: [89, 0, 69]
31: [66, 55]
32: [72, 40, 91, 57, 74]
33: [60, 11]
34: [64, 66, 60, 79, 45, 33, 19, 29]
35: [79, 85, 87, 6, 58, 0, 40]
36: [99, 92]
37: [4, 3, 26, 83, 7, 89, 27, 95, 80, 75]
38: [8, 69, 0, 78, 82]
39: [99, 86, 2, 80]
40: [14, 91]
41: [73, 11, 18, 16, 60, 19]
42: [69, 88, 22]
43: [28, 20, 23]
44: [7]
45: [32, 44, 96, 62]
46: [91, 50, 15, 44, 33, 4, 26]
47: [82, 85, 58]
48: [7, 45, 47, 31, 4, 2, 12]
49: [8, 46]
50: [72, 22]
51: [31, 52, 59, 55]
52: [6, 19, 76, 30, 66]
53: [26, 74, 54, 44, 96]
54: [97, 36, 15, 23, 27]
55: [65, 51, 49, 7, 19, 99, 76, 79, 53, 63]
56: [86, 48, 67, 95]
57: [65, 1, 42, 11]
58: [25, 89, 71]
59: [6, 5, 29, 89, 66, 47, 16, 0]
60: [15, 92, 49, 99, 98, 59]
61: [2, 69, 76, 82, 39, 74]
62: [13, 29, 72, 44, 40]
63: [31, 65, 17, 38, 59, 85, 40, 14]
64: [66]
65: [68, 71, 17, 86, 87, 38, 47, 66, 28]
66: [40, 16, 19, 62, 96, 4, 81, 82, 13]
67: [50, 13, 92, 34, 61, 68, 97, 88]
68: [36, 63, 51, 10, 19]
69: [26]
70: [40, 53, 89, 31, 81, 32, 44]
71: [78]
72: [70, 64, 39, 71]
73: [81, 16, 33, 55]
74: [30, 37]
75: [95]
76: [31, 46, 44, 36, 6, 90]
77: [76, 64, 66, 41, 16, 40, 90]
78: [94, 51, 35, 99, 3, 93]
79: [12, 46, 86, 29, 98, 69, 84, 76]
80: [59, 20, 2, 53, 26, 5, 86, 35]
81: [3, 13, 79, 2, 17]
82: [7]
83: [40, 17, 96, 93, 75, 44, 47, 71]
84: [98, 38, 87]
85: [12, 8]
86: [70, 48, 42, 3, 74, 40]
87: [49, 57]
88: [90, 94, 96, 65, 42]
89: [56, 50, 18, 92, 40, 8]
90: [8, 43]
91: [40, 10, 98, 33, 20, 27, 58, 62, 3, 71]
92: [24, 78, 91, 99, 62, 75]
93: [60]
94: [1, 36, 52]
95: [7, 83, 80]
96: [89, 69, 1, 77, 52, 20, 13, 40]
97: [6, 76, 27]
98: [69, 35, 39]
99: [24, 78, 76, 69, 89]
